1
1	
1
1825883
Gauss
09134629490
Computacao
2017.2
1
1728888
Kevin
07134646460
Engenharia
2016.1
5
0
2
5
1
123456
Jao
5
0
3
1
1234
Biologia
5
4
Musica
104
5
0
4
1
1725883
1234
0
3
1
2222
a
4
Profissional
104
1
1111
Biologo
8
Soldado
105
1
0000
Arte
8
Profissional
106
0
1
1
151515
Maria 
0704545351
Tecnico 
10152018
5
1
1616
Jaspion
01346524645
Tecnico 
10232018
1
222333
Capitao 
0463546698
Escultor 
02022018
0
2
1
4343
Professor
1
5656
Cotonete
1
3355
MIfu
1
6567
Muralha
0
3
1
3366
Estrutura 
4
Engenharia 	
c105
0
4
1
1725883
2222
1
1725883
0000
1
1728888
3366
1
1728888
0000
0
5
1
5656
1234
1
3355
3366
0
1
5
0
2
5
0
3
5
0
4
3
1725883
0
5
3
3355
0
0
2
1 1 0 0 0 0 0 0 0 0
0 0 1 0 1 1 1 1 1 1
1 0 0 1 0 0 0 1 0 1
1 1 0 0 1 0 0 1 0 0
0 1 1 0 0 1 0 1 0 0
0 0 0 1 0 1 0 1 0 0
0 0 0 0 0 1 0 1 0 0
0 1 1 1 1 1 0 1 1 1
0 0 0 0 0 0 0 0 0 0
1 1 1 1 1 1 1 1 1 0
3
2 5
0
